image: map_latrobe_400.ppm
resolution: 0.50000
origin: [-131.600000, -130.000000, 0.000000]
negate: 1
occupied_thresh: 0.65
free_thresh: 0.196

