image: map_hackerman2.pgm
resolution: 0.020000
origin: [-8.010000, -32.009998, 0.000000]
negate: 0
occupied_thresh: 0.65
free_thresh: 0.196

