image: satmap_jhu.jpg
resolution: 0.00220209
origin: [-2.114, -1.1362, 0.000000]
negate: 0
occupied_thresh: 0.65
free_thresh: 0.196

