N = 100
tf = 2
Nk = 4
spline_order = 2
debug = false
max_ko = 10
gain_ko = 2
#gain_ko = 2
max_iters = 100

#rpy, xyz, w, v, commandedrpy
#x0 = 0,0,0, 0,0,0, 0,0,0, 0.8,-0.8,0, 0,0,0
#x0 = 0,0,0, 0,0,0, 0,0,0, 1,0,0, 0,0,0
x0 = 0,0,0, 0,0,0, 0,0,0, 5,0,0, 0,0,0
#x0 = 0,0,0, 0,0,0, 0,0,0, 0,0,0, 0,0,0
#xf = 0,0,0, 2,3,0.0, 0,0,0, 0,0,0 #For Two Cylinders Case
xf = 0,0,0, 10,0,0.0, 0,0,0, 5,0,0 #For Two Cylinders Case
#xf = 0,0,1.57, 0.5,1,1.0, 0,0,0, 0,0,0 #For Two Planes Case
#xf = 0,0,0, 0,0,2, 0,0,0, 0,0,0

Qf = 5,5,5, 40,0,40, .5,.5,.5, 5,5,5, 1e-3,1e-3,1e-3
#Qf = 0,0,0, 40,40,40, 0,0,0, 0,0,0, 1e-3,1e-3,1e-3

#Q = .2,.2,.2, .2,.2,.2, 1,1,1, .01,.01,.01, .01,.01,.01
Q = 0,0,0.1, 0,0,0, 0,0,0, 0,0,0, 0,0,0.1

#Thrust , d(commandedrpy) costs
R = 0.005, 0.1, 0.1, 0.1
#R = 0.001, .01, .01, .01 

#Param means:
mean_p = 0.15348796091120709, 9.9829189874111588, 9.9750865076526409, 0.93583190830822582, 4.8077896574202965, 4.3547694162472848, 1.2191122785385247, -0.516008512804887, -0.28724206390179824, -0.039283765007729822, 0.00609746021427753, -0.004515099415727801, -0.017064486192962074

#Param stdev (a0,tau0)
stdev_offsets = 0.41717765586845051, 0.062631341286031539, -0.00461432407452116, -0.095684167705534423, 0.063587731178187681, 0.010611564201302558, 0.062631341286031539, 0.3044472451585265, -0.003692845836381842, 0.00653353653825536, -0.0684916693956356, -0.00065790110705401281, -0.00461432407452116, -0.003692845836381842, 0.20320216000982147, -0.01366208505676304, 0.0040364373342716186, -0.003249460392478515, -0.095684167705534423, 0.00653353653825536, -0.01366208505676304, 0.12040897689178356, -0.0519072402801616, 0.000899805566016211, 0.063587731178187681, -0.0684916693956356, 0.0040364373342716186, -0.0519072402801616, 0.15379459398235765, 0.0013508980221358365, 0.010611564201302558, -0.00065790110705401281, -0.003249460392478515, 0.000899805566016211, 0.0013508980221358365, 0.0464127518513806

#Param stdev (kt,kp,kd)
stdev_gains = 0.0017680698299205877, 4.0602860109759904E-8, -1.1468423548161967E-7, -4.7282246336783375E-9, 4.075556351323259E-7, 1.683776229272901E-6, 6.390370699928661E-8, 4.060286053659725E-8, 0.14126161969108672, 1.7598450964417884E-8, 7.9873588585404E-6, -0.00010555041834430735, 2.9254513578501854E-6, -1.4931943194708566E-5, -1.1468422077471887E-7, 1.7598215374548264E-8, 0.14109738298127955, -3.7427485560641586E-6, -4.170785212882982E-6, 0.00058812228433863993, -4.2714881878858612E-5, -4.72817342440496E-9, 7.9873587640987478E-6, -3.742748013170568E-6, 0.67118588688425274, 0.00023847904801491815, 0.00037731780790724924, -0.029565956106452143, 4.0755563720914364E-7, -0.00010555041829851138, -4.1707850152849837E-6, 0.00023847904876576317, 1.0408681999023957, 4.6586061898362986E-5, 0.0010517438783108058, 1.6837762378019394E-6, 2.9254515483485746E-6, 0.000588122284914535, 0.00037731780750789687, 4.6586061681477157E-5, 0.688831040636744, -0.001263412166074136, 6.3903759987085412E-8, -1.4931943437882979E-5, -4.2714881640257495E-5, -0.029565956109357021, 0.001051743876671579, -0.0012634121657794323, 1.5665148779980624

#Initial State stdev
#stdev_initial_state = 0.017,0.017,0.017, 0.05,0.05,0.05, 0.017,0.017,0.017, 0.05,0.05,0.05, 0.017,0.017,0.017
#stdev_initial_state = 0.017,0.017,0.017, 0.05,0.05,0.05, 0.017,0.017,0.017, 0.05,0.05,0.05, 0.017,0.017,0.017
#stdev_initial_state = 0.017,0.017,0.017, 0.05,0.05,0.05, 0.017,0.017,0.017, 0.1,0.1,0.1, 0.017,0.017,0.017
stdev_initial_state = 0.0524,0.0524,0.0524, 0.15,0.15,0.15, 0.017,0.017,0.017, 0.4,0.4,0.4, 0.017,0.017,0.017

#Obstacle Info (radius, posn, axis, id)
#obs = 1.0,0.2, 1,1.1,0, 0,0,1,0
#obs1 = 0.3, 0,-2,0, 0,0,1 ,0
# Two planes in front of quadcopter
#obs1 = 0, 0,-2,0, 0,-1,0 ,2
#obs2 = 0, 2,0,0, 1,0,0 ,2
# Two Cylinders in front of quadcopter
#obs1 = 0.5, 1,0,0, 0,0,1,0
#obs1 = 0.8, 4,0.5,0, 0,0,1,0
#obs2 = 0.8, 7,-1,0, 0,0,1,0//No Obstacle
obs1 = 0.8, 5,0,0, 0,0,1,0
